sara-study-1,1,20170619,0,1
sara-study-1,2,20170620,0,0
sara-study-1,3,20170621,0,0
sara-study-1,4,20170622,0,0
sara-study-1,5,20170623,0,0
sara-study-1,6,20170624,0,0
sara-study-1,7,20170625,0,0
sara-study-1,8,20170626,0,0
sara-study-1,9,20170627,0,0
sara-study-1,10,20170628,0,0
sara-study-1,11,20170629,0,0
sara-study-1,12,20170630,0,0
sara-study-1,13,20170701,0,0
sara-study-1,14,20170702,0,0
sara-study-1,15,20170703,0,0
sara-study-1,16,20170704,0,0
sara-study-1,17,20170705,0,0
sara-study-1,18,20170706,0,0
sara-study-1,19,20170707,0,0
sara-study-1,20,20170708,0,0
sara-study-1,21,20170709,0,0
sara-study-1,22,20170710,0,0
sara-study-1,23,20170711,0,0
sara-study-1,24,20170712,0,0
sara-study-1,25,20170713,0,0
sara-study-1,26,20170714,0,0
sara-study-1,27,20170715,0,0
sara-study-1,28,20170716,0,0
sara-study-1,29,20170717,0,0
sara-study-1,30,20170718,0,0
sara-study-2,1,20170626,1,1
sara-study-2,2,20170627,1,1
sara-study-2,3,20170628,1,1
sara-study-2,4,20170629,1,0
sara-study-2,5,20170630,1,1
sara-study-2,6,20170701,1,0
sara-study-2,7,20170702,1,0
sara-study-2,8,20170703,1,0
sara-study-2,9,20170704,1,0
sara-study-2,10,20170705,1,0
sara-study-2,11,20170706,1,0
sara-study-2,12,20170707,1,0
sara-study-2,13,20170708,1,0
sara-study-2,14,20170709,1,0
sara-study-2,15,20170710,1,0
sara-study-2,16,20170711,1,0
sara-study-2,17,20170712,1,0
sara-study-2,18,20170713,1,0
sara-study-2,19,20170714,1,0
sara-study-2,20,20170715,1,0
sara-study-2,21,20170716,1,0
sara-study-2,22,20170717,1,0
sara-study-2,23,20170718,1,0
sara-study-2,24,20170719,1,0
sara-study-2,25,20170720,1,0
sara-study-2,26,20170721,1,1
sara-study-2,27,20170722,1,0
sara-study-2,28,20170723,1,1
sara-study-2,29,20170724,1,0
sara-study-2,30,20170725,1,0
sara-study-3,1,20170627,0.5,1
sara-study-3,2,20170628,0.5,1
sara-study-3,3,20170629,0.5,1
sara-study-3,4,20170630,0.5,0
sara-study-3,5,20170701,0.5,0
sara-study-3,6,20170702,0.5,0
sara-study-3,7,20170703,0.5,0
sara-study-3,8,20170704,0.5,0
sara-study-3,9,20170705,0.5,0
sara-study-3,10,20170706,0.5,0
sara-study-3,11,20170707,0.5,0
sara-study-3,12,20170708,0.5,0
sara-study-3,13,20170709,0.5,0
sara-study-3,14,20170710,0.5,0
sara-study-3,15,20170711,0.5,0
sara-study-3,16,20170712,0.5,0
sara-study-3,17,20170713,0.5,0
sara-study-3,18,20170714,0.5,0
sara-study-3,19,20170715,0.5,0
sara-study-3,20,20170716,0.5,0
sara-study-3,21,20170717,0.5,0
sara-study-3,22,20170718,0.5,0
sara-study-3,23,20170719,0.5,0
sara-study-3,24,20170720,0.5,0
sara-study-3,25,20170721,0.5,0
sara-study-3,26,20170722,0.5,0
sara-study-3,27,20170723,0.5,0
sara-study-3,28,20170724,0.5,0
sara-study-3,29,20170725,0.5,0
sara-study-3,30,20170726,0.5,0
sara-study-4,1,20170704,0,1
sara-study-4,2,20170705,0,1
sara-study-4,3,20170706,0,0
sara-study-4,4,20170707,0,0
sara-study-4,5,20170708,0,0
sara-study-4,6,20170709,0,0
sara-study-4,7,20170710,0,0
sara-study-4,8,20170711,0,1
sara-study-4,9,20170712,0,0
sara-study-4,10,20170713,0,1
sara-study-4,11,20170714,0,1
sara-study-4,12,20170715,0,0
sara-study-4,13,20170716,0,0
sara-study-4,14,20170717,0,0
sara-study-4,15,20170718,0,0
sara-study-4,16,20170719,0,0
sara-study-4,17,20170720,0,0
sara-study-4,18,20170721,0,0
sara-study-4,19,20170722,0,0
sara-study-4,20,20170723,0,0
sara-study-4,21,20170724,0,0
sara-study-4,22,20170725,0,0
sara-study-4,23,20170726,0,0
sara-study-4,24,20170727,0,0
sara-study-4,25,20170728,0,0
sara-study-4,26,20170729,0,0
sara-study-4,27,20170730,0,0
sara-study-4,28,20170731,0,0
sara-study-4,29,20170801,0,0
sara-study-4,30,20170802,0,0
sara-study-5,1,20170704,0,1
sara-study-5,2,20170705,0,0
sara-study-5,3,20170706,0,0
sara-study-5,4,20170707,0,0
sara-study-5,5,20170708,0,0
sara-study-5,6,20170709,0,0
sara-study-5,7,20170710,0,1
sara-study-5,8,20170711,0,0
sara-study-5,9,20170712,0,1
sara-study-5,10,20170713,0,0
sara-study-5,11,20170714,0,0
sara-study-5,12,20170715,0,0
sara-study-5,13,20170716,0,0
sara-study-5,14,20170717,0,1
sara-study-5,15,20170718,0,0
sara-study-5,16,20170719,0,0
sara-study-5,17,20170720,0,0
sara-study-5,18,20170721,0,0
sara-study-5,19,20170722,0,0
sara-study-5,20,20170723,0,0
sara-study-5,21,20170724,0,0
sara-study-5,22,20170725,0,0
sara-study-5,23,20170726,0,0
sara-study-5,24,20170727,0,0
sara-study-5,25,20170728,0,0
sara-study-5,26,20170729,0,0
sara-study-5,27,20170730,0,0
sara-study-5,28,20170731,0,0
sara-study-5,29,20170801,0,0
sara-study-5,30,20170802,0,0
sara-study-6,1,20170704,0,1
sara-study-6,2,20170705,0,0
sara-study-6,3,20170706,0,1
sara-study-6,4,20170707,0,0
sara-study-6,5,20170708,0,0
sara-study-6,6,20170709,0,0
sara-study-6,7,20170710,0,0
sara-study-6,8,20170711,0,0
sara-study-6,9,20170712,0,0
sara-study-6,10,20170713,0,0
sara-study-6,11,20170714,0,0
sara-study-6,12,20170715,0,0
sara-study-6,13,20170716,0,0
sara-study-6,14,20170717,0,0
sara-study-6,15,20170718,0,0
sara-study-6,16,20170719,0,0
sara-study-6,17,20170720,0,0
sara-study-6,18,20170721,0,0
sara-study-6,19,20170722,0,0
sara-study-6,20,20170723,0,0
sara-study-6,21,20170724,0,0
sara-study-6,22,20170725,0,0
sara-study-6,23,20170726,0,0
sara-study-6,24,20170727,0,0
sara-study-6,25,20170728,0,0
sara-study-6,26,20170729,0,0
sara-study-6,27,20170730,0,0
sara-study-6,28,20170731,0,0
sara-study-6,29,20170801,0,0
sara-study-6,30,20170802,0,0
sara-study-7,1,20170707,0.75,1
sara-study-7,2,20170708,0.75,1
sara-study-7,3,20170709,0.75,0
sara-study-7,4,20170710,0.75,0
sara-study-7,5,20170711,0.75,1
sara-study-7,6,20170712,0.75,1
sara-study-7,7,20170713,0.75,0
sara-study-7,8,20170714,0.75,0
sara-study-7,9,20170715,0.75,0
sara-study-7,10,20170716,0.75,0
sara-study-7,11,20170717,0.75,0
sara-study-7,12,20170718,0.75,1
sara-study-7,13,20170719,0.75,0
sara-study-7,14,20170720,0.75,1
sara-study-7,15,20170721,0.75,1
sara-study-7,16,20170722,0.75,1
sara-study-7,17,20170723,0.75,1
sara-study-7,18,20170724,0.75,0
sara-study-7,19,20170725,0.75,0
sara-study-7,20,20170726,0.75,1
sara-study-7,21,20170727,0.75,0
sara-study-7,22,20170728,0.75,1
sara-study-7,23,20170729,0.75,1
sara-study-7,24,20170730,0.75,0
sara-study-7,25,20170731,0.75,1
sara-study-7,26,20170801,0.75,0
sara-study-7,27,20170802,0.75,0
sara-study-7,28,20170803,0.75,0
sara-study-7,29,20170804,0.75,0
sara-study-7,30,20170805,0.75,0
sara-study-8,1,20170708,1.25,1
sara-study-8,2,20170709,1.25,0
sara-study-8,3,20170710,1.25,0
sara-study-8,4,20170711,1.25,1
sara-study-8,5,20170712,1.25,0
sara-study-8,6,20170713,1.25,1
sara-study-8,7,20170714,1.25,1
sara-study-8,8,20170715,1.25,1
sara-study-8,9,20170716,1.25,1
sara-study-8,10,20170717,1.25,0
sara-study-8,11,20170718,1.25,1
sara-study-8,12,20170719,1.25,1
sara-study-8,13,20170720,1.25,0
sara-study-8,14,20170721,1.25,1
sara-study-8,15,20170722,1.25,0
sara-study-8,16,20170723,1.25,1
sara-study-8,17,20170724,1.25,1
sara-study-8,18,20170725,1.25,0
sara-study-8,19,20170726,1.25,1
sara-study-8,20,20170727,1.25,1
sara-study-8,21,20170728,1.25,0
sara-study-8,22,20170729,1.25,0
sara-study-8,23,20170730,1.25,0
sara-study-8,24,20170731,1.25,1
sara-study-8,25,20170801,1.25,0
sara-study-8,26,20170802,1.25,0
sara-study-8,27,20170803,1.25,0
sara-study-8,28,20170804,1.25,0
sara-study-8,29,20170805,1.25,0
sara-study-8,30,20170806,1.25,0
sara-study-11,1,20170715,2.25,1
sara-study-11,2,20170716,2.25,1
sara-study-11,3,20170717,2.25,1
sara-study-11,4,20170718,2.25,1
sara-study-11,5,20170719,2.25,0
sara-study-11,6,20170720,2.25,1
sara-study-11,7,20170721,2.25,1
sara-study-11,8,20170722,2.25,1
sara-study-11,9,20170723,2.25,1
sara-study-11,10,20170724,2.25,0
sara-study-11,11,20170725,2.25,1
sara-study-11,12,20170726,2.25,0
sara-study-11,13,20170727,2.25,1
sara-study-11,14,20170728,2.25,0
sara-study-11,15,20170729,2.25,1
sara-study-11,16,20170730,2.25,1
sara-study-11,17,20170731,2.25,0
sara-study-11,18,20170801,2.25,0
sara-study-11,19,20170802,2.25,0
sara-study-11,20,20170803,2.25,0
sara-study-11,21,20170804,2.25,0
sara-study-11,22,20170805,2.25,0
sara-study-11,23,20170806,2.25,0
sara-study-11,24,20170807,2.25,0
sara-study-11,25,20170808,2.25,0
sara-study-11,26,20170809,2.25,0
sara-study-11,27,20170810,2.25,0
sara-study-11,28,20170811,2.25,0
sara-study-11,29,20170812,2.25,0
sara-study-11,30,20170813,2.25,0
sara-study-13,1,20170716,12.5,1
sara-study-13,2,20170717,12.5,1
sara-study-13,3,20170718,12.5,1
sara-study-13,4,20170719,12.5,1
sara-study-13,5,20170720,12.5,1
sara-study-13,6,20170721,12.5,1
sara-study-13,7,20170722,12.5,1
sara-study-13,8,20170723,12.5,1
sara-study-13,9,20170724,12.5,0
sara-study-13,10,20170725,12.5,1
sara-study-13,11,20170726,12.5,1
sara-study-13,12,20170727,12.5,1
sara-study-13,13,20170728,12.5,1
sara-study-13,14,20170729,12.5,1
sara-study-13,15,20170730,12.5,1
sara-study-13,16,20170731,12.5,1
sara-study-13,17,20170801,12.5,1
sara-study-13,18,20170802,12.5,1
sara-study-13,19,20170803,12.5,1
sara-study-13,20,20170804,12.5,1
sara-study-13,21,20170805,12.5,1
sara-study-13,22,20170806,12.5,1
sara-study-13,23,20170807,12.5,1
sara-study-13,24,20170808,12.5,1
sara-study-13,25,20170809,12.5,1
sara-study-13,26,20170810,12.5,1
sara-study-13,27,20170811,12.5,1
sara-study-13,28,20170812,12.5,1
sara-study-13,29,20170813,12.5,1
sara-study-13,30,20170814,12.5,0
sara-study-14,1,20170723,16.5,1
sara-study-14,2,20170724,16.5,1
sara-study-14,3,20170725,16.5,1
sara-study-14,4,20170726,16.5,1
sara-study-14,5,20170727,16.5,1
sara-study-14,6,20170728,16.5,1
sara-study-14,7,20170729,16.5,1
sara-study-14,8,20170730,16.5,1
sara-study-14,9,20170731,16.5,1
sara-study-14,10,20170801,16.5,1
sara-study-14,11,20170802,16.5,1
sara-study-14,12,20170803,16.5,1
sara-study-14,13,20170804,16.5,1
sara-study-14,14,20170805,16.5,1
sara-study-14,15,20170806,16.5,1
sara-study-14,16,20170807,16.5,1
sara-study-14,17,20170808,16.5,1
sara-study-14,18,20170809,16.5,1
sara-study-14,19,20170810,16.5,1
sara-study-14,20,20170811,16.5,1
sara-study-14,21,20170812,16.5,1
sara-study-14,22,20170813,16.5,1
sara-study-14,23,20170814,16.5,1
sara-study-14,24,20170815,16.5,1
sara-study-14,25,20170816,16.5,1
sara-study-14,26,20170817,16.5,1
sara-study-14,27,20170818,16.5,1
sara-study-14,28,20170819,16.5,1
sara-study-14,29,20170820,16.5,1
sara-study-14,30,20170821,16.5,1
sara-study-15,1,20170720,2.75,1
sara-study-15,2,20170721,2.75,1
sara-study-15,3,20170722,2.75,1
sara-study-15,4,20170723,2.75,1
sara-study-15,5,20170724,2.75,0
sara-study-15,6,20170725,2.75,1
sara-study-15,7,20170726,2.75,1
sara-study-15,8,20170727,2.75,1
sara-study-15,9,20170728,2.75,1
sara-study-15,10,20170729,2.75,1
sara-study-15,11,20170730,2.75,1
sara-study-15,12,20170731,2.75,1
sara-study-15,13,20170801,2.75,0
sara-study-15,14,20170802,2.75,0
sara-study-15,15,20170803,2.75,0
sara-study-15,16,20170804,2.75,0
sara-study-15,17,20170805,2.75,0
sara-study-15,18,20170806,2.75,0
sara-study-15,19,20170807,2.75,0
sara-study-15,20,20170808,2.75,0
sara-study-15,21,20170809,2.75,0
sara-study-15,22,20170810,2.75,0
sara-study-15,23,20170811,2.75,0
sara-study-15,24,20170812,2.75,0
sara-study-15,25,20170813,2.75,0
sara-study-15,26,20170814,2.75,0
sara-study-15,27,20170815,2.75,0
sara-study-15,28,20170816,2.75,0
sara-study-15,29,20170817,2.75,0
sara-study-15,30,20170818,2.75,0
sara-study-16,1,20170720,9.75,1
sara-study-16,2,20170721,9.75,1
sara-study-16,3,20170722,9.75,1
sara-study-16,4,20170723,9.75,1
sara-study-16,5,20170724,9.75,1
sara-study-16,6,20170725,9.75,1
sara-study-16,7,20170726,9.75,1
sara-study-16,8,20170727,9.75,1
sara-study-16,9,20170728,9.75,1
sara-study-16,10,20170729,9.75,1
sara-study-16,11,20170730,9.75,1
sara-study-16,12,20170731,9.75,0
sara-study-16,13,20170801,9.75,0
sara-study-16,14,20170802,9.75,1
sara-study-16,15,20170803,9.75,1
sara-study-16,16,20170804,9.75,0
sara-study-16,17,20170805,9.75,1
sara-study-16,18,20170806,9.75,0
sara-study-16,19,20170807,9.75,1
sara-study-16,20,20170808,9.75,1
sara-study-16,21,20170809,9.75,1
sara-study-16,22,20170810,9.75,1
sara-study-16,23,20170811,9.75,1
sara-study-16,24,20170812,9.75,1
sara-study-16,25,20170813,9.75,1
sara-study-16,26,20170814,9.75,1
sara-study-16,27,20170815,9.75,1
sara-study-16,28,20170816,9.75,1
sara-study-16,29,20170817,9.75,0
sara-study-16,30,20170818,9.75,0
sara-study-18,1,20170731,0,1
sara-study-18,2,20170801,0,1
sara-study-18,3,20170802,0,0
sara-study-18,4,20170803,0,0
sara-study-18,5,20170804,0,1
sara-study-18,6,20170805,0,0
sara-study-18,7,20170806,0,0
sara-study-18,8,20170807,0,0
sara-study-18,9,20170808,0,0
sara-study-18,10,20170809,0,0
sara-study-18,11,20170810,0,0
sara-study-18,12,20170811,0,0
sara-study-18,13,20170812,0,1
sara-study-18,14,20170813,0,0
sara-study-18,15,20170814,0,0
sara-study-18,16,20170815,0,0
sara-study-18,17,20170816,0,0
sara-study-18,18,20170817,0,0
sara-study-18,19,20170818,0,0
sara-study-18,20,20170819,0,0
sara-study-18,21,20170820,0,0
sara-study-18,22,20170821,0,0
sara-study-18,23,20170822,0,0
sara-study-18,24,20170823,0,0
sara-study-18,25,20170824,0,0
sara-study-18,26,20170825,0,0
sara-study-18,27,20170826,0,0
sara-study-18,28,20170827,0,0
sara-study-18,29,20170828,0,0
sara-study-18,30,20170829,0,0
sara-study-19,1,20170729,8.75,1
sara-study-19,2,20170730,8.75,1
sara-study-19,3,20170731,8.75,1
sara-study-19,4,20170801,8.75,1
sara-study-19,5,20170802,8.75,1
sara-study-19,6,20170803,8.75,1
sara-study-19,7,20170804,8.75,1
sara-study-19,8,20170805,8.75,1
sara-study-19,9,20170806,8.75,1
sara-study-19,10,20170807,8.75,1
sara-study-19,11,20170808,8.75,1
sara-study-19,12,20170809,8.75,1
sara-study-19,13,20170810,8.75,1
sara-study-19,14,20170811,8.75,1
sara-study-19,15,20170812,8.75,0
sara-study-19,16,20170813,8.75,1
sara-study-19,17,20170814,8.75,0
sara-study-19,18,20170815,8.75,1
sara-study-19,19,20170816,8.75,0
sara-study-19,20,20170817,8.75,1
sara-study-19,21,20170818,8.75,1
sara-study-19,22,20170819,8.75,1
sara-study-19,23,20170820,8.75,1
sara-study-19,24,20170821,8.75,1
sara-study-19,25,20170822,8.75,1
sara-study-19,26,20170823,8.75,0
sara-study-19,27,20170824,8.75,1
sara-study-19,28,20170825,8.75,1
sara-study-19,29,20170826,8.75,0
sara-study-19,30,20170827,8.75,0
sara-study-20,1,20170801,5.25,1
sara-study-20,2,20170802,5.25,0
sara-study-20,3,20170803,5.25,1
sara-study-20,4,20170804,5.25,0
sara-study-20,5,20170805,5.25,1
sara-study-20,6,20170806,5.25,1
sara-study-20,7,20170807,5.25,0
sara-study-20,8,20170808,5.25,1
sara-study-20,9,20170809,5.25,1
sara-study-20,10,20170810,5.25,1
sara-study-20,11,20170811,5.25,1
sara-study-20,12,20170812,5.25,1
sara-study-20,13,20170813,5.25,1
sara-study-20,14,20170814,5.25,1
sara-study-20,15,20170815,5.25,1
sara-study-20,16,20170816,5.25,1
sara-study-20,17,20170817,5.25,0
sara-study-20,18,20170818,5.25,0
sara-study-20,19,20170819,5.25,1
sara-study-20,20,20170820,5.25,1
sara-study-20,21,20170821,5.25,1
sara-study-20,22,20170822,5.25,1
sara-study-20,23,20170823,5.25,1
sara-study-20,24,20170824,5.25,1
sara-study-20,25,20170825,5.25,1
sara-study-20,26,20170826,5.25,1
sara-study-20,27,20170827,5.25,0
sara-study-20,28,20170828,5.25,0
sara-study-20,29,20170829,5.25,0
sara-study-20,30,20170830,5.25,0
sara-study-21,1,20170810,0.25,1
sara-study-21,2,20170811,0.25,0
sara-study-21,3,20170812,0.25,0
sara-study-21,4,20170813,0.25,1
sara-study-21,5,20170814,0.25,0
sara-study-21,6,20170815,0.25,0
sara-study-21,7,20170816,0.25,0
sara-study-21,8,20170817,0.25,0
sara-study-21,9,20170818,0.25,0
sara-study-21,10,20170819,0.25,0
sara-study-21,11,20170820,0.25,0
sara-study-21,12,20170821,0.25,0
sara-study-21,13,20170822,0.25,0
sara-study-21,14,20170823,0.25,1
sara-study-21,15,20170824,0.25,0
sara-study-21,16,20170825,0.25,0
sara-study-21,17,20170826,0.25,0
sara-study-21,18,20170827,0.25,0
sara-study-21,19,20170828,0.25,0
sara-study-21,20,20170829,0.25,1
sara-study-21,21,20170830,0.25,1
sara-study-21,22,20170831,0.25,0
sara-study-21,23,20170901,0.25,0
sara-study-21,24,20170902,0.25,0
sara-study-21,25,20170903,0.25,0
sara-study-21,26,20170904,0.25,0
sara-study-21,27,20170905,0.25,0
sara-study-21,28,20170906,0.25,0
sara-study-21,29,20170907,0.25,0
sara-study-21,30,20170908,0.25,0
